length_bin,n_samples,mean_n_transcripts,bin_1,bin_2,bin_3,bin_4,bin_5,bin_6,bin_7,bin_8,bin_9,bin_10,bin_11,bin_12,bin_13,bin_14,bin_15,bin_16,bin_17,bin_18,bin_19,bin_20,bin_21,bin_22,bin_23,bin_24,bin_25,bin_26,bin_27,bin_28,bin_29,bin_30,bin_31,bin_32,bin_33,bin_34,bin_35,bin_36,bin_37,bin_38,bin_39,bin_40,bin_41,bin_42,bin_43,bin_44,bin_45,bin_46,bin_47,bin_48,bin_49,bin_50,bin_51,bin_52,bin_53,bin_54,bin_55,bin_56,bin_57,bin_58,bin_59,bin_60,bin_61,bin_62,bin_63,bin_64,bin_65,bin_66,bin_67,bin_68,bin_69,bin_70,bin_71,bin_72,bin_73,bin_74,bin_75,bin_76,bin_77,bin_78,bin_79,bin_80,bin_81,bin_82,bin_83,bin_84,bin_85,bin_86,bin_87,bin_88,bin_89,bin_90,bin_91,bin_92,bin_93,bin_94,bin_95,bin_96,bin_97,bin_98,bin_99,bin_100
0-1000,6,5389.166666666667,0.3500962074992225,0.43306844502457637,0.48400297426456634,0.5250329587959218,0.5586304905883336,0.5857921327764143,0.6065318404329719,0.6221428166520951,0.6348981561066578,0.6459747373367463,0.6547678520264869,0.662077121941153,0.6686829749781799,0.6761210219515085,0.6823041215325274,0.6865905231938418,0.6907691092001139,0.6949293233898182,0.6978116271495715,0.6999283995628424,0.7024363621200407,0.7047853695053857,0.7071154074934389,0.7093378251284225,0.7105022376588317,0.7120773041645165,0.7135787537708658,0.7144768553954327,0.7157943149417759,0.7168685278801862,0.717897772300756,0.7201091297879337,0.7222034627903247,0.7241045598413282,0.726127469446951,0.7267021344502633,0.7269070861021425,0.7280182787691712,0.7302975332480491,0.7314464898382381,0.732471032748919,0.7335827093505664,0.7343379516627625,0.7353202044734458,0.7359042276834069,0.7361169774616249,0.7363983374256636,0.7369742903495421,0.7376738555310753,0.7385410293394187,0.7399874792026054,0.7407891532455047,0.7412361877245036,0.7420224793505424,0.7433228131415817,0.7439753424030622,0.7443123934339099,0.7455461971285015,0.7464941514656269,0.7477818650192822,0.7493505431052624,0.7511795556168694,0.7525509893903339,0.7537007665829448,0.7543347172411071,0.755062669771812,0.7550768174513204,0.7549573998417155,0.7547155156103624,0.7545461270341977,0.7544980292112747,0.7538919471134699,0.753872263832018,0.7537496004306771,0.7543270605811929,0.7536593249330953,0.7529330732579647,0.7522932367484666,0.7522684743580457,0.7516493881501359,0.7521849150891312,0.752646392388678,0.7525537038133449,0.7524700992114877,0.750854456255789,0.7496810207401169,0.7488604405734377,0.7477462939797509,0.7475935696925701,0.7472666993397891,0.7463589304747238,0.7441904177221569,0.7411443816740055,0.7377734895574591,0.730918309840256,0.722940741241759,0.7122506090184113,0.6956564585728139,0.6613701684661301,0.5505739277651659
1000-2000,6,11879.833333333334,0.2709439631749175,0.3702006678212976,0.43050630350017766,0.4670735930162086,0.48847295689080666,0.5015015148888889,0.5101460462899478,0.516759515071342,0.5220001664406639,0.5264989241381602,0.5306165974589933,0.5341221392004808,0.5368912214639493,0.5394874539444933,0.541712131549657,0.5437381090884962,0.5454402249042466,0.5478201062146365,0.5502309332460183,0.5523873969791898,0.5547084656804118,0.556274474945076,0.5578893749908433,0.5594236076434737,0.5607562414518741,0.5617836776475774,0.562696010260778,0.5638088758279105,0.564968598964177,0.5657488153419828,0.5665832358896824,0.5670595277911432,0.5675722068264178,0.5684059532362526,0.5692665100761567,0.5699338838806348,0.5708496039020541,0.5712050687190663,0.5711085171447104,0.5714303006732155,0.5711930189065767,0.5717596357112068,0.5727710858965082,0.5738169239455982,0.5752965648971171,0.5767243517573039,0.5781100713044556,0.5789860150533438,0.5801260006502024,0.581399898634355,0.5830194442520369,0.5847839106432309,0.5861638457966357,0.588027696455114,0.5896207983737677,0.5912576725764306,0.5916098529564948,0.5931034614479779,0.5944821365587782,0.5963242921700584,0.5978244703468348,0.5993995998694787,0.6017126530590812,0.6036076039946356,0.6052682489865467,0.607129365781091,0.609159813482908,0.6113538868939673,0.6141287197161023,0.616590353212367,0.6190718876295144,0.6217672496194728,0.6249978130112259,0.6274693320504466,0.6292887085007003,0.6305304461385906,0.6326860215630193,0.6350018756620126,0.6370440545494424,0.6389094566060743,0.6409549527193098,0.6426064571369592,0.6445144265704649,0.6467332677082875,0.6483262199399891,0.6501290773706004,0.6520760876940264,0.6530984629525359,0.6537995475558367,0.6537394855272042,0.6517425495410699,0.650351351479673,0.6501324829629229,0.6499707320651561,0.6519468995919778,0.6529020406072854,0.6492401697015899,0.6387587776911327,0.6168360562662455,0.5286812375301451
2000-3000,6,11241.666666666666,0.2524114498433742,0.3559727194711911,0.39966320717654674,0.4179863515027827,0.42642834070835517,0.4289401723302377,0.42951935104077954,0.42925313253620595,0.4289715789660537,0.4282389524192885,0.42733355013633423,0.427601473529663,0.4275066835528787,0.4262860901527275,0.424917448977493,0.424144947114752,0.4228250453267392,0.4218783105430722,0.4208173650658546,0.42060232461216374,0.42013013786228964,0.41940233750557443,0.41851812000682304,0.41747096518909416,0.4167528818055986,0.4155475817896736,0.4147663580865985,0.4134285447591098,0.4121593214192299,0.4107101062079954,0.409598646009288,0.40859349936121636,0.4069392849086293,0.40546846153077004,0.40511036812713713,0.4042623389065807,0.4043188031351825,0.40388176313633034,0.4033027532618579,0.4026639242732255,0.4021572264143685,0.4016931112405325,0.4006079864432368,0.39942992354178447,0.39785748993302755,0.3975144046009134,0.39745964344207074,0.397641269364949,0.3974729090578844,0.39723802387487184,0.3966726504644198,0.396875951841463,0.39766417708161444,0.3979897321439112,0.3984184367690062,0.3987513643045196,0.39947360720981345,0.40095549034672767,0.40208446496750366,0.403208822383259,0.4044063585544884,0.40577751448124255,0.40775911266883097,0.40938421973643474,0.41042734800556807,0.4117338542374565,0.41355795043216653,0.4151898282457919,0.4161395989395473,0.41838193650024924,0.42058450822023774,0.4226332374039134,0.42556693909179777,0.4293632908905977,0.432902735381987,0.4372795542165737,0.44174564263357946,0.4458555229788861,0.45039694185733287,0.45458786096800496,0.45849939734449086,0.46303322676577063,0.46834090072423035,0.47336922109534957,0.4797877856187935,0.4857563705154213,0.4914179066331008,0.4961354414851429,0.5016999574744655,0.5062981140573236,0.5121312161422065,0.5168822037947841,0.5227810965978427,0.5297641734717682,0.5378650143510825,0.5477242294157049,0.5548016572022957,0.5588547888897403,0.5502335850609135,0.49153368107483036
3000-6000,6,16833.833333333332,0.2587871374258051,0.3554880544914178,0.3756897820489651,0.37790930569991293,0.37400267671858395,0.3682946831205969,0.36360865143642024,0.3590440357049088,0.3535708170369123,0.3482980373767199,0.3436569859571193,0.338619660115195,0.33371488620172024,0.32890990464708453,0.3245120232183471,0.32109707514671587,0.3178325728294402,0.31415784090337373,0.31057525536507424,0.3071158059618789,0.30359027181214954,0.2995681486408157,0.2956426186171797,0.2921597851181785,0.2886524957730715,0.28483967942961597,0.28114457718756586,0.2773890047030118,0.27415645319476617,0.27024789472337923,0.26690211968986216,0.26286904317993126,0.2589652008593942,0.2545572714492412,0.25053215784503874,0.24733129635936835,0.2434720654738157,0.24026968641344984,0.23769422662759465,0.23556774329234986,0.2335659008058768,0.23065920428162504,0.22843951547687183,0.2256977170737897,0.22336124814259625,0.22142041134069945,0.2187705853233097,0.2166402553595391,0.21488004093462706,0.2128936377158344,0.21049406632266873,0.20777462011394368,0.20487173265225458,0.20247441597464103,0.19964896601197837,0.19731043212194432,0.19602153783748455,0.1948723906674313,0.1946166451268564,0.19475015197787973,0.19533467403161642,0.19530698119748172,0.19517283398857943,0.19551460334751272,0.1962749934988238,0.19642088986331704,0.1971343893565467,0.197612988787527,0.19845676246877908,0.200622241025572,0.20349125176443528,0.2077689879394747,0.21205212953487554,0.2171525412730325,0.222154411381596,0.22753624994986832,0.23269896124562814,0.2372204781204327,0.24192324751057273,0.2475546270947576,0.25384295667156326,0.26055922319650676,0.267895653227985,0.2768383241084182,0.2865100981703231,0.29490252457378263,0.30453645296912757,0.3134794152893589,0.32517483195856894,0.3378508850927264,0.34957004456091784,0.360819924499046,0.37295031256576167,0.3865149085945058,0.40047232952636574,0.41369189447567933,0.4263725591794236,0.43789094888020125,0.44498561174874585,0.41346149981421215
>=6000,6,7754.0,0.2629151301185068,0.32093017142655,0.31467256410818467,0.3070338150393855,0.29775115424652615,0.28772785920503113,0.27860772397660866,0.2692222084661939,0.2592044534753403,0.251153436266866,0.2425124180035181,0.2354703440168677,0.22916318422568835,0.22369911117749086,0.2167494399197674,0.209935572804946,0.20490118850889513,0.19951335220593872,0.19351368847030856,0.18693615218121398,0.18056283769747475,0.17407911876604487,0.1681219919327157,0.16291975354676821,0.1572921863003139,0.1517101555358055,0.14635747219330503,0.1418068744626448,0.13781843562839535,0.133619767850079,0.13109923563067868,0.12925042254635485,0.12491567174743984,0.12018348689889387,0.11740639595586094,0.11398162902631111,0.11173147417923239,0.10940099051781839,0.1074508144492573,0.10399594959791292,0.10029324860878429,0.10014843233661173,0.09887829788468722,0.09667565686606533,0.09486718081489239,0.09293433068077418,0.09151270156522018,0.09036987129697072,0.08896062965051565,0.08904448857514642,0.08791885491178215,0.08482054134650319,0.08330533469716646,0.08185103635333998,0.08129096275751573,0.081586281710097,0.08261485007303217,0.08209435675262793,0.08251272911769662,0.0832895617430821,0.0843729415319681,0.08567022928740708,0.08551017735052326,0.08506236737911471,0.08428157490318243,0.08395832304735064,0.08511183680893834,0.08569662199132978,0.08597349806054226,0.08617734617901975,0.08541872453630452,0.08698692392315567,0.08931323741205353,0.09189063546340721,0.09423190675974923,0.09669174817079458,0.09734034519014341,0.09872497142681343,0.1007075953473827,0.10489625936132597,0.10849741887323577,0.11205068312002957,0.11488733254943545,0.11717530555036797,0.12198985455280043,0.12731594499418675,0.13593176109598062,0.14560215254925976,0.15269140170512377,0.16371079879928022,0.174824312608183,0.1881048196291583,0.2047846293954089,0.2186672270068216,0.23783060506646628,0.25662913629919515,0.2751849813020372,0.2974902022353028,0.32061069384228336,0.3266939591909966
